1, 282.99999999999852207111
2, 261.99999999999835154085
3, 260.00000000000329691829
4, 259.99999999999636202119
5, 259.00000000000227373675
6, 259.99999999999636202119
7, 297.99999999999965893949
8, 260.00000000000329691829
9, 259.99999999999636202119
10, 260.00000000000329691829
11, 259.99999999999636202119
12, 260.00000000000329691829
13, 260.00000000000329691829
14, 259.99999999999636202119
15, 259.00000000000227373675
16, 259.99999999999636202119
17, 260.00000000000329691829
18, 259.99999999999636202119
19, 259.99999999999636202119
20, 259.00000000000227373675
21, 259.99999999999636202119
22, 301.00000000000267164069
23, 259.99999999999636202119
24, 260.00000000000329691829
25, 259.99999999999636202119
26, 260.00000000000329691829
27, 259.00000000000227373675
28, 259.99999999999636202119
29, 260.00000000000329691829
30, 259.99999999999636202119
31, 260.00000000000329691829
32, 260.00000000000329691829
33, 259.99999999999636202119
34, 260.00000000000329691829
35, 259.99999999999636202119
36, 280.00000000000244426701
37, 260.99999999999732835931
38, 260.00000000000329691829
39, 260.00000000000329691829
40, 259.00000000000227373675
41, 260.00000000000329691829
42, 260.00000000000329691829
43, 259.99999999999636202119
44, 260.00000000000329691829
45, 260.00000000000329691829
46, 259.99999999999636202119
47, 259.00000000000227373675
48, 259.99999999999636202119
49, 259.00000000000227373675
50, 259.00000000000227373675
51, 279.99999999999550936991
52, 260.00000000000329691829
53, 259.99999999999636202119
54, 260.00000000000329691829
55, 260.00000000000329691829
56, 259.99999999999636202119
57, 260.00000000000329691829
58, 259.99999999999636202119
59, 259.99999999999636202119
60, 260.00000000000329691829
61, 259.99999999999636202119
62, 260.00000000000329691829
63, 260.00000000000329691829
64, 259.99999999999636202119
65, 278.00000000000045474735
66, 260.00000000000329691829
67, 259.99999999999636202119
68, 260.00000000000329691829
69, 260.00000000000329691829
70, 259.99999999999636202119
71, 259.00000000000227373675
72, 259.00000000000227373675
73, 258.99999999999533883965
74, 260.00000000000329691829
75, 258.99999999999533883965
76, 259.00000000000227373675
77, 259.00000000000227373675
78, 259.99999999999636202119
79, 260.00000000000329691829
80, 275.99999999999846522769
81, 259.99999999999636202119
82, 259.00000000000227373675
83, 273.00000000000238742359
84, 259.99999999999636202119
85, 260.00000000000329691829
86, 258.99999999999533883965
87, 260.00000000000329691829
88, 260.00000000000329691829
89, 259.99999999999636202119
90, 260.00000000000329691829
91, 259.99999999999636202119
92, 260.00000000000329691829
93, 260.00000000000329691829
94, 274.99999999999744204615
95, 258.99999999999533883965
96, 260.00000000000329691829
97, 260.00000000000329691829
98, 259.99999999999636202119
99, 260.00000000000329691829
100, 259.99999999999636202119
101, 260.00000000001023181539
102, 259.99999999999636202119
103, 258.99999999999533883965
104, 260.00000000001023181539
105, 259.99999999999636202119
106, 258.99999999999533883965
107, 259.00000000000920863386
108, 259.99999999999636202119
109, 272.99999999999545252649
110, 259.99999999999636202119
111, 260.00000000001023181539
112, 258.99999999999533883965
113, 258.99999999999533883965
114, 259.99999999999636202119
115, 259.99999999999636202119
116, 259.00000000000920863386
117, 258.99999999999533883965
118, 258.99999999999533883965
119, 259.99999999999636202119
120, 258.99999999999533883965
121, 258.99999999999533883965
122, 259.00000000000920863386
123, 272.99999999999545252649
124, 258.99999999999533883965
125, 259.00000000000920863386
126, 259.99999999999636202119
127, 259.99999999999636202119
128, 259.00000000000920863386
129, 258.99999999999533883965
130, 259.99999999999636202119
131, 260.00000000001023181539
132, 258.99999999999533883965
133, 259.99999999999636202119
134, 259.00000000000920863386
135, 258.99999999999533883965
136, 259.99999999999636202119
137, 260.00000000001023181539
138, 278.00000000000045474735
139, 259.99999999999636202119
140, 296.00000000000460431693
141, 259.99999999999636202119
142, 259.00000000000920863386
143, 273.99999999999647570803
144, 258.99999999999533883965
145, 259.00000000000920863386
146, 259.99999999999636202119
147, 259.99999999999636202119
148, 260.00000000001023181539
149, 259.99999999999636202119
150, 259.99999999999636202119
151, 260.00000000001023181539
152, 274.99999999999744204615
153, 258.99999999999533883965
154, 259.00000000000920863386
155, 259.99999999999636202119
156, 259.99999999999636202119
157, 260.00000000001023181539
158, 258.99999999999533883965
159, 259.99999999999636202119
160, 260.00000000001023181539
161, 259.99999999999636202119
162, 259.99999999999636202119
163, 259.00000000000920863386
164, 258.99999999999533883965
165, 258.99999999999533883965
166, 259.00000000000920863386
167, 259.99999999999636202119
168, 259.99999999999636202119
169, 259.99999999999636202119
170, 260.00000000001023181539
171, 258.99999999999533883965
172, 258.99999999999533883965
173, 259.00000000000920863386
174, 259.99999999999636202119
175, 259.99999999999636202119
176, 260.00000000001023181539
177, 258.99999999999533883965
178, 258.99999999999533883965
179, 259.99999999999636202119
180, 259.99999999999636202119
181, 275.99999999999846522769
182, 260.00000000001023181539
183, 258.99999999999533883965
184, 258.99999999999533883965
185, 260.00000000001023181539
186, 258.99999999999533883965
187, 258.99999999999533883965
188, 260.00000000001023181539
189, 258.99999999999533883965
190, 258.99999999999533883965
191, 260.00000000001023181539
192, 258.99999999999533883965
193, 258.99999999999533883965
194, 259.00000000000920863386
195, 259.99999999999636202119
196, 273.99999999999647570803
197, 260.00000000001023181539
198, 258.99999999999533883965
199, 258.99999999999533883965
200, 259.00000000000920863386
201, 259.99999999999636202119
202, 258.99999999999533883965
203, 259.00000000000920863386
204, 272.99999999999545252649
205, 258.99999999999533883965
206, 259.00000000000920863386
207, 259.99999999999636202119
208, 259.00000000000920863386
209, 258.99999999999533883965
210, 273.99999999999647570803
211, 258.99999999999533883965
212, 259.00000000000920863386
213, 259.99999999999636202119
214, 259.99999999999636202119
215, 258.99999999999533883965
216, 258.99999999999533883965
217, 260.00000000001023181539
218, 258.99999999999533883965
219, 259.99999999999636202119
220, 260.00000000001023181539
221, 258.99999999999533883965
222, 259.99999999999636202119
223, 259.00000000000920863386
224, 258.99999999999533883965
225, 273.99999999999647570803
226, 259.00000000000920863386
227, 258.99999999999533883965
228, 258.99999999999533883965
229, 260.00000000001023181539
230, 258.99999999999533883965
231, 258.99999999999533883965
232, 259.00000000000920863386
233, 259.99999999999636202119
234, 258.99999999999533883965
235, 259.00000000000920863386
236, 259.99999999999636202119
237, 259.99999999999636202119
238, 259.00000000000920863386
239, 258.99999999999533883965
240, 259.99999999999636202119
241, 259.00000000000920863386
242, 258.99999999999533883965
243, 259.99999999999636202119
244, 260.00000000001023181539
245, 258.99999999999533883965
246, 259.99999999999636202119
247, 258.99999999999533883965
248, 258.99999999999533883965
249, 260.00000000001023181539
250, 258.99999999999533883965
251, 258.99999999999533883965
252, 260.00000000001023181539
253, 258.99999999999533883965
254, 273.99999999999647570803
255, 258.99999999999533883965
256, 259.00000000000920863386
257, 259.99999999999636202119
258, 259.99999999999636202119
259, 258.99999999999533883965
260, 258.99999999999533883965
261, 260.00000000001023181539
262, 258.99999999999533883965
263, 258.99999999999533883965
264, 260.00000000001023181539
265, 271.99999999999448618837
266, 258.99999999999533883965
267, 260.00000000001023181539
268, 258.99999999999533883965
269, 272.99999999999545252649
270, 260.00000000001023181539
271, 258.99999999999533883965
272, 258.99999999999533883965
273, 260.00000000001023181539
274, 258.99999999999533883965
275, 258.99999999999533883965
276, 260.00000000001023181539
277, 258.99999999999533883965
278, 258.99999999999533883965
279, 259.99999999999636202119
280, 258.99999999999533883965
281, 259.00000000000920863386
282, 259.99999999999636202119
283, 273.99999999999647570803
284, 259.99999999999636202119
285, 259.00000000000920863386
286, 258.99999999999533883965
287, 259.99999999999636202119
288, 258.99999999999533883965
289, 258.99999999999533883965
290, 260.00000000001023181539
291, 258.99999999999533883965
292, 258.99999999999533883965
293, 259.00000000000920863386
294, 258.99999999999533883965
295, 258.99999999999533883965
296, 260.00000000001023181539
297, 258.99999999999533883965
298, 272.99999999999545252649
299, 260.00000000001023181539
300, 258.99999999999533883965
301, 258.99999999999533883965
302, 260.00000000001023181539
303, 258.99999999999533883965
304, 259.99999999999636202119
305, 259.00000000000920863386
306, 258.99999999999533883965
307, 258.99999999999533883965
308, 259.99999999999636202119
309, 259.99999999999636202119
310, 258.99999999999533883965
311, 259.00000000000920863386
312, 258.99999999999533883965
313, 259.99999999999636202119
314, 260.00000000001023181539
315, 258.99999999999533883965
316, 258.99999999999533883965
317, 259.00000000000920863386
318, 259.99999999999636202119
319, 259.99999999999636202119
320, 260.00000000001023181539
321, 259.99999999999636202119
322, 259.99999999999636202119
323, 260.00000000001023181539
324, 258.99999999999533883965
325, 259.99999999999636202119
326, 272.00000000000835598257
327, 273.99999999999647570803
328, 258.99999999999533883965
329, 259.99999999998249222699
330, 258.99999999998146904545
331, 260.00000000001023181539
332, 259.00000000000920863386
333, 259.00000000000920863386
334, 259.99999999998249222699
335, 259.99999999998249222699
336, 259.99999999998249222699
337, 259.00000000000920863386
338, 259.00000000000920863386
339, 260.00000000001023181539
340, 259.00000000000920863386
341, 258.99999999998146904545
342, 609.99999999999943156581
343, 203.00000000000872546480
344, 202.99999999998098587639
345, 239.99999999999022293196
346, 65.00000000000949285095
347, 204.00000000000972022463
348, 202.99999999998098587639
349, 203.00000000000872546480
350, 203.00000000000872546480
351, 203.00000000000872546480
352, 202.99999999998098587639
353, 203.00000000000872546480
354, 203.00000000000872546480
355, 202.99999999998098587639
356, 215.99999999999397459760
357, 202.99999999998098587639
358, 116.00000000000498801001
359, 156.99999999999047872734
360, 203.00000000000872546480
361, 203.00000000000872546480
362, 204.00000000000972022463
363, 202.99999999998098587639
364, 203.00000000000872546480
365, 203.00000000000872546480
366, 202.99999999998098587639
367, 203.00000000000872546480
368, 204.00000000000972022463
369, 202.99999999998098587639
370, 203.00000000000872546480
371, 203.00000000000872546480
372, 203.00000000000872546480
373, 202.99999999998098587639
374, 204.00000000000972022463
375, 203.00000000000872546480
376, 202.99999999998098587639
377, 229.00000000000696331881
378, 204.00000000000972022463
379, 202.99999999998098587639
380, 203.00000000000872546480
381, 204.00000000000972022463
382, 202.99999999998098587639
383, 202.99999999998098587639
384, 203.00000000000872546480
385, 203.00000000000872546480
386, 203.99999999998198063622
387, 203.00000000000872546480
388, 203.00000000000872546480
389, 202.99999999998098587639
390, 203.00000000000872546480
391, 203.00000000000872546480
392, 203.99999999998198063622
393, 203.00000000000872546480
394, 203.00000000000872546480
395, 203.00000000000872546480
396, 215.99999999999397459760
397, 202.99999999998098587639
398, 214.99999999999297983777
399, 202.99999999998098587639
400, 203.00000000000872546480
401, 203.00000000000872546480
402, 202.99999999998098587639
403, 203.00000000000872546480
404, 203.00000000000872546480
405, 203.00000000000872546480
406, 203.99999999998198063622
407, 204.00000000000972022463
408, 203.00000000000872546480
409, 202.99999999998098587639
410, 204.00000000000972022463
411, 203.00000000000872546480
412, 202.99999999998098587639
413, 204.00000000000972022463
414, 203.00000000000872546480
415, 216.00000000002174260771
416, 203.00000000000872546480
417, 202.99999999998098587639
418, 203.00000000000872546480
419, 203.00000000000872546480
420, 204.00000000000972022463
421, 202.99999999998098587639
422, 203.00000000000872546480
423, 203.00000000000872546480
424, 202.99999999998098587639
425, 203.00000000000872546480
426, 203.00000000000872546480
427, 202.99999999998098587639
428, 204.00000000000972022463
429, 203.00000000000872546480
430, 203.00000000000872546480
431, 202.99999999998098587639
432, 203.00000000000872546480
433, 216.00000000002174260771
434, 203.00000000000872546480
435, 203.00000000000872546480
436, 203.99999999998198063622
437, 203.00000000000872546480
438, 203.00000000000872546480
439, 203.99999999998198063622
440, 203.00000000000872546480
441, 203.00000000000872546480
442, 202.99999999998098587639
443, 204.00000000000972022463
444, 203.00000000000872546480
445, 203.00000000000872546480
446, 202.99999999998098587639
447, 203.00000000000872546480
448, 203.00000000000872546480
449, 202.99999999998098587639
450, 204.00000000000972022463
451, 203.00000000000872546480
452, 215.99999999999397459760
453, 203.00000000000872546480
454, 202.99999999998098587639
455, 203.00000000000872546480
456, 203.00000000000872546480
457, 203.99999999998198063622
458, 203.00000000000872546480
459, 203.00000000000872546480
460, 203.00000000000872546480
461, 202.99999999998098587639
462, 203.00000000000872546480
463, 203.00000000000872546480
464, 203.99999999998198063622
465, 203.00000000000872546480
466, 203.00000000000872546480
467, 202.99999999998098587639
468, 203.00000000000872546480
469, 203.00000000000872546480
470, 203.00000000000872546480
471, 215.99999999999397459760
472, 203.99999999998198063622
473, 203.00000000000872546480
474, 203.00000000000872546480
475, 215.00000000002071942617
476, 203.00000000000872546480
477, 203.99999999998198063622
478, 203.00000000000872546480
479, 203.00000000000872546480
480, 202.99999999998098587639
481, 203.99999999998198063622
482, 204.00000000000972022463
483, 203.00000000000872546480
484, 202.99999999998098587639
485, 203.00000000000872546480
486, 203.00000000000872546480
487, 202.99999999998098587639
488, 203.00000000000872546480
489, 218.99999999999698729880
490, 203.00000000000872546480
491, 203.00000000000872546480
492, 203.00000000000872546480
493, 202.99999999998098587639
494, 203.00000000000872546480
495, 203.00000000000872546480
496, 202.99999999998098587639
497, 203.00000000000872546480
498, 204.00000000000972022463
499, 202.99999999998098587639
500, 203.00000000000872546480
501, 203.00000000000872546480
502, 203.00000000000872546480
503, 202.99999999998098587639
504, 203.00000000000872546480
505, 203.00000000000872546480
506, 202.99999999998098587639
507, 203.00000000000872546480
508, 215.99999999999397459760
509, 203.00000000000872546480
510, 203.00000000000872546480
511, 202.99999999998098587639
512, 203.00000000000872546480
513, 203.00000000000872546480
514, 203.99999999998198063622
515, 203.00000000000872546480
516, 203.00000000000872546480
517, 204.00000000000972022463
518, 202.99999999998098587639
519, 203.00000000000872546480
520, 203.00000000000872546480
521, 202.99999999998098587639
522, 203.00000000000872546480
523, 203.00000000000872546480
524, 202.99999999998098587639
525, 203.00000000000872546480
526, 215.99999999999397459760
527, 204.00000000000972022463
528, 204.00000000000972022463
529, 202.99999999998098587639
530, 203.00000000000872546480
531, 203.00000000000872546480
532, 203.00000000000872546480
533, 202.99999999998098587639
534, 204.00000000000972022463
535, 203.00000000000872546480
536, 202.99999999998098587639
537, 203.00000000000872546480
538, 204.00000000000972022463
539, 202.99999999998098587639
540, 203.00000000000872546480
541, 203.00000000000872546480
542, 204.00000000000972022463
543, 202.99999999998098587639
544, 203.00000000000872546480
545, 217.00000000002273736754
546, 203.00000000000872546480
547, 203.00000000000872546480
548, 202.99999999998098587639
549, 203.00000000000872546480
550, 203.00000000000872546480
551, 202.99999999998098587639
552, 203.00000000000872546480
553, 214.99999999999297983777
554, 204.00000000000972022463
555, 204.00000000000972022463
556, 202.99999999998098587639
557, 203.00000000000872546480
558, 204.00000000000972022463
559, 203.99999999998198063622
560, 203.00000000000872546480
561, 203.00000000000872546480
562, 203.00000000000872546480
563, 203.99999999998198063622
564, 216.99999999999496935743
565, 202.99999999998098587639
566, 204.00000000000972022463
567, 203.00000000000872546480
568, 202.99999999998098587639
569, 203.00000000000872546480
570, 203.00000000000872546480
571, 203.99999999998198063622
572, 203.00000000000872546480
573, 203.00000000000872546480
574, 203.99999999998198063622
575, 202.99999999998098587639
576, 203.00000000000872546480
577, 203.00000000000872546480
578, 203.99999999998198063622
579, 204.00000000000972022463
580, 203.00000000000872546480
581, 202.99999999998098587639
582, 216.99999999999496935743
583, 203.99999999998198063622
584, 203.00000000000872546480
585, 203.00000000000872546480
586, 203.99999999998198063622
587, 203.00000000000872546480
588, 203.00000000000872546480
589, 203.00000000000872546480
590, 202.99999999998098587639
591, 204.00000000000972022463
592, 203.00000000000872546480
593, 202.99999999998098587639
594, 203.00000000000872546480
595, 203.00000000000872546480
596, 202.99999999998098587639
597, 202.99999999998098587639
598, 203.00000000000872546480
599, 203.00000000000872546480
600, 202.99999999998098587639