Sorting times: (sorted 600 times), 
1, 8876268
2, 8046134
3, 2512400
4, 3503379
5, 1732622
6, 1746800
7, 5515157
8, 1382089
9, 1381111
10, 1327334
11, 1323423
12, 778312
13, 713778
14, 697645
15, 665867
16, 654133
17, 661955
18, 652666
19, 698623
20, 642889
21, 631156
22, 637022
23, 669778
24, 607200
25, 606222
26, 602800
27, 637023
28, 606711
29, 598889
30, 735289
31, 600356
32, 641423
33, 758756
34, 654622
35, 602801
36, 598401
37, 601333
38, 670266
39, 607200
40, 568089
41, 601822
42, 572489
43, 601333
44, 561733
45, 564178
46, 563689
47, 595955
48, 600356
49, 560267
50, 569066
51, 563689
52, 564667
53, 581778
54, 563689
55, 560756
56, 559778
57, 563688
58, 720134
59, 580311
60, 547556
61, 545112
62, 547067
63, 573956
64, 554889
65, 543645
66, 578845
67, 548044
68, 570534
69, 551467
70, 544622
71, 554889
72, 547067
73, 570534
74, 555378
75, 547556
76, 572000
77, 563689
78, 585689
79, 546089
80, 525067
81, 556355
82, 503555
83, 434622
84, 497689
85, 484489
86, 451245
87, 445867
88, 450756
89, 449778
90, 450756
91, 447333
92, 452222
93, 481067
94, 580311
95, 441466
96, 431689
97, 430222
98, 484489
99, 449778
100, 478622
101, 450267
102, 446356
103, 449778
104, 448800
105, 785156
106, 740178
107, 455155
108, 452222
109, 447334
110, 585200
111, 449778
112, 446356
113, 515778
114, 449289
115, 531422
116, 458578
117, 459556
118, 465911
119, 458578
120, 621378
121, 452711
122, 499644
123, 469333
124, 458577
125, 462978
126, 460045
127, 514311
128, 470801
129, 453200
130, 530445
131, 509911
132, 491822
133, 499644
134, 461022
135, 550000
136, 482533
137, 421911
138, 419467
139, 482044
140, 418000
141, 418978
142, 477644
143, 417022
144, 460533
145, 412133
146, 421423
147, 572978
148, 424844
149, 420445
150, 415067
151, 492800
152, 579822
153, 431689
154, 482045
155, 440978
156, 492800
157, 434133
158, 469334
159, 499155
160, 431201
161, 504045
162, 406755
163, 576889
164, 462000
165, 407733
166, 545111
167, 414089
168, 415066
169, 428267
170, 610622
171, 467377
172, 430711
173, 503555
174, 551956
175, 423378
176, 426800
177, 423867
178, 519200
179, 424356
180, 487911
181, 505511
182, 428266
183, 425334
184, 422889
185, 654622
186, 424356
187, 426800
188, 492800
189, 493289
190, 468844
191, 423867
192, 425822
193, 535823
194, 422889
195, 467378
196, 491333
197, 459067
198, 458578
199, 424355
200, 672223
201, 424844
202, 453689
203, 1040845
204, 523601
205, 463467
206, 1211956
207, 490845
208, 570045
209, 400400
210, 463956
211, 472756
212, 452711
213, 439511
214, 526533
215, 616978
216, 402844
217, 453200
218, 404800
219, 497689
220, 411156
221, 406756
222, 431689
223, 596445
224, 558800
225, 401866
226, 485955
227, 451244
228, 445378
229, 509422
230, 624800
231, 405777
232, 403333
233, 406266
234, 508934
235, 405289
236, 482533
237, 408222
238, 450267
239, 539734
240, 404312
241, 546088
242, 421911
243, 418489
244, 543156
245, 459066
246, 476667
247, 417511
248, 465911
249, 485956
250, 482044
251, 408222
252, 401378
253, 585201
254, 533378
255, 410178
256, 1942356
257, 506978
258, 694711
259, 448800
260, 552934
261, 2194622
262, 434622
263, 488889
264, 450267
265, 482044
266, 549511
267, 456622
268, 500133
269, 404311
270, 525067
271, 591555
272, 399911
273, 456133
274, 398934
275, 510889
276, 395511
277, 460045
278, 399422
279, 479111
280, 495734
281, 396000
282, 439511
283, 458578
284, 397467
285, 490356
286, 517244
287, 398445
288, 408711
289, 398445
290, 542178
291, 444889
292, 437556
293, 465911
294, 337822
295, 326089
296, 425822
297, 368134
298, 326578
299, 329511
300, 327067
301, 374489
302, 374489
303, 330000
304, 329511
305, 327066
306, 483511
307, 328533
308, 328045
309, 376933
310, 332933
311, 377911
312, 328045
313, 330978
314, 330978
315, 332444
316, 446355
317, 336355
318, 332445
319, 359823
320, 399911
321, 418489
322, 328533
323, 362756
324, 328533
325, 384267
326, 409201
327, 362267
328, 362755
329, 327067
330, 373022
331, 378400
332, 362267
333, 366667
334, 329023
335, 363244
336, 408711
337, 439022
338, 365200
339, 328044
340, 358845
341, 328044
342, 378889
343, 372044
344, 330489
345, 388667
346, 328044
347, 377422
348, 373511
349, 326578
350, 327555
351, 334401
352, 401377
353, 332933
354, 330978
355, 396000
356, 330000
357, 375467
358, 367155
359, 329023
360, 365689
361, 403822
362, 329511
363, 376445
364, 327067
365, 371066
366, 391600
367, 382800
368, 370089
369, 369600
370, 329511
371, 380355
372, 730400
373, 455644
374, 428267
375, 334889
376, 362756
377, 361778
378, 365200
379, 372534
380, 327556
381, 329511
382, 327067
383, 1140089
384, 458578
385, 462489
386, 371556
387, 331466
388, 382800
389, 378400
390, 396977
391, 367644
392, 373511
393, 330489
394, 411156
395, 425823
396, 371556
397, 329511
398, 361289
399, 365689
400, 385733
401, 368133
402, 355911
403, 362755
404, 438045
405, 395022
406, 375956
407, 330489
408, 332933
409, 378889
410, 370577
411, 376444
412, 331466
413, 376445
414, 437556
415, 318267
416, 291866
417, 289911
418, 330000
419, 360311
420, 295778
421, 292845
422, 291867
423, 330489
424, 328533
425, 377911
426, 289911
427, 331956
428, 290889
429, 293333
430, 378400
431, 288933
432, 333911
433, 289422
434, 294800
435, 351511
436, 317289
437, 296266
438, 290400
439, 296267
440, 368622
441, 290400
442, 338312
443, 290889
444, 328044
445, 341733
446, 292844
447, 462000
448, 292356
449, 335867
450, 455156
451, 290889
452, 348089
453, 290889
454, 331956
455, 325600
456, 292356
457, 318267
458, 290888
459, 331956
460, 289422
461, 833067
462, 341734
463, 308489
464, 338800
465, 288445
466, 379867
467, 289911
468, 291867
469, 336844
470, 290400
471, 457112
472, 291867
473, 342712
474, 290400
475, 288445
476, 363244
477, 288444
478, 344178
479, 292844
480, 288933
481, 356400
482, 289911
483, 369600
484, 290400
485, 292356
486, 400401
487, 433644
488, 342222
489, 290889
490, 339778
491, 294800
492, 328045
493, 323156
494, 327066
495, 345644
496, 291867
497, 327066
498, 326578
499, 290400
500, 339778
501, 289911
502, 422400
503, 329022
504, 289422
505, 367155
506, 288933
507, 394534
508, 291378
509, 291866
510, 349066
511, 290889
512, 365689
513, 289912
514, 287956
515, 318267
516, 288445
517, 389644
518, 295289
519, 407245
520, 294311
521, 292356
522, 360311
523, 290400
524, 327067
525, 291867
526, 296756
527, 335378
528, 356889
529, 362267
530, 291867
531, 295777
532, 353466
533, 324622
534, 336355
535, 291378
536, 346133
537, 291378
538, 385734
539, 377422
540, 353956
541, 333422
542, 319733
543, 349067
544, 333422
545, 286978
546, 364711
547, 289422
548, 328533
549, 334400
550, 291377
551, 321689
552, 319245
553, 528978
554, 293333
555, 363733
556, 3479423
557, 288934
558, 490356
559, 250311
560, 221466
561, 267911
562, 220489
563, 271822
564, 218533
565, 261556
566, 224889
567, 256667
568, 277200
569, 235156
570, 290889
571, 223912
572, 221956
573, 255200
574, 218533
575, 268400
576, 275733
577, 221467
578, 256178
579, 218533
580, 271334
581, 253244
582, 257644
583, 220489
584, 220977
585, 270845
586, 219022
587, 258623
588, 219022
589, 220978
590, 275245
591, 743111
592, 379867
593, 228311
594, 255200
595, 216578
596, 215600
597, 259600
598, 215600
599, 250311
600, 217067
