3831
1894
2624
1583
7850
783
6304
5952
3238
5759
3503
2697
8304
5366
2017
666
4286
5715
5700
9418
9602
6252
8652
1717
723
5447
2540
2100
8729
629
9966
1403
7349
8031
9679
699
3627
4504
858
4904
1405
6754
8975
5685
8085
956
9952
394
7438
2793
7560
1080
6831
8236
3128
1555
6550
6447
2256
7838
6797
483
2230
7093
4252
930
6998
2035
3819
2960
9814
6420
1105
6720
5396
7797
766
6355
4174
8
3521
5211
7854
5987
3239
1677
9392
2551
2961
8309
6273
2783
7040
2388
2871
4511
9968
1684
903
5883
7598
2940
2615
6361
8455
2990
2544
5791
2127
6846
5887
3366
5851
142
5336
9249
6955
9652
3703
2534
183
2157
6213
1050
9813
1594
6164
3612
9557
9160
2168
1639
249
3215
9985
3035
739
5568
8184
3638
6829
8097
3318
2187
3088
3637
8300
9572
417
8148
4658
1716
6638
6234
4672
1733
4129
2059
2066
5392
9454
7044
5963
6860
2143
2125
3546
4365
2458
1674
9121
5245
5691
2929
4472
4889
1203
3302
1021
8130
5869
5537
7205
4820
5737
8529
2420
9219
9975
2954
1253
4304
6945
9610
5862
4220
9685
9930
1507
4084
7326
1776
2638
5002
8574
192
7144
7220
7738
2627
4223
701
7138
3264
2019
2330
4011
9910
8534
232
1739
2668
3616
7136
9312
4543
6156
4172
2622
4923
5235
3363
6291
949
19
5952
5497
8405
5883
129
4887
3281
6790
4667
9764
8372
993
3371
9945
8093
9995
1303
1602
8340
7448
8979
1665
3671
1058
7264
4270
9843
1068
8767
7039
8894
4916
2019
2416
417
805
9412
8528
9747
7718
1039
7656
3729
6323
1482
9544
8473
4342
4038
8495
5718
8689
7422
8086
8038
3162
4044
6218
6646
2067
5643
9381
9871
5685
4343
648
7434
8890
6256
3239
159
5668
525
3249
5499
300
4732
1658
6608
2618
3384
5398
6438
9790
5844
5109
9007
426
6388
2422
5912
9484
5132
2265
3180
9867
4367
6484
9603
5117
505
5153
6903
2530
3688
5267
2775
2225
485
2884
1332
8077
49
6668
6440
7700
8458
2976
7351
9012
4653
8596
9326
6986
2021
190
2488
4393
4689
4457
2176
9043
9284
6210
1408
9062
5142
5523
6472
9798
40
4794
6698
1523
3349
7221
3569
9831
5268
2060
258
5342
8009
3706
8683
8258
4459
6778
4073
2530
3824
7962
1077
7439
6581
4478
4238
8995
4538
6708
5666
5742
3338
864
1845
9838
2664
9172
3733
778
3492
9773
9844
7787
5197
7820
7716
9928
6273
7743
129
5612
8864
3660
6743
2374
9135
2233
7605
6285
6184
1243
6841
7966
2590
8442
6043
84
1086
3981
1654
5266
7025
6151
6064
3919
222
6397
5163
2591
7500
1842
4644
4202
8405
1346
73
9948
9511
9159
9416
4360
3572
6523
8002
3193
8809
9467
846
6775
2267
980
2762
9138
461
4653
9244
5519
3998
7425
5254
5276
352
8647
5416
4177
4179
304
304
4468
9248
3308
7164
5801
1714
281
976
4133
1726
9881
4595
2157
1347
1534
3572
8464
7644
9749
650
7373
5411
9581
5656
706
4208
6866
2016
4819
2142
7611
7694
2339
9199
828
1461
4962
2502
9640
5879
5524
8018
6838
4030
5881
2602
527
3896
4670
6547
530
6335
1951
3855
5812
7430
7655
9696
8679
975
2774
7674
8198
4617
8685
9815
8042
7527
7385
4228
1228
4844
4666
7640
3800
9186
4975
2116
9706
5787
2512
8662
8535
2670
1640
2952
4427
7987
1388
5445
3674
3274
7196
6588
4293
3092
3686
7805
7708
6453
7553
608
9450
9538
7180
7397
5185
3653
1459
5
4835
783
9483
136
6074
4205
380
7504
5604
5923
1208
4867
6095
6212
4283
5782
2029
7204
4353
3684
324
7125
734
2894
3109
9837
4542
6268
1606
8921
4714
2946
110
4587
9811
3901
7805
9566
5567
3645
3526
1690
1485
77
8042
5011
4886
525
6481
1964
4258
3809
6919
7785
5060
9730
322
6290
9556
4450
1963
6803
7031
9085
6384
9344
6380
5307
6597
8870
2181
3857
2163
9197
8032
4087
2334
2313
4209
1381
1174
6112
3167
3303
8778
2038
7560
224
2467
3731
9009
7674
3413
3367
2973
555
7597
9588
7113
6851
630
9993
5298
8834
3039
4063
4324
4727
7681
1067
945
6946
8719
2308
2858
763
8511
847
7852
3692
3855
3286
4394
3481
8197
9864
7330
2832
5480
6730
8463
1963
9493
3642
2123
691
9358
2116
8463
350
4453
7197
3080
4345
8753
317
5559
8449
9963
3434
2022
1674
5016
8095
3330
1827
9170
8011
8761
9937
8949
8150
1473
2471
5987
9999
8755
4775
5749
1584
7282
9171
3711
2003
1260
8236
3231
3934
5868
7772
402
8761
1449
6878
2402
6736
2702
2235
3247
4020
4743
5536
6233
3900
6837
4042
5991
4282
6478
4596
8024
2008
3092
9431
3060
7872
3408
5824
7261
9147
1627
3104
6007
513
1945
6845
3729
2015
5330
7045
2480
6983
3150
4482
743
1649
1580
2745
4148
8224
80
3581
5849
4143
4727
2385
6822
6553
1496
378
944
1448
3704
7234
5184
774
4074
4665
9722
8383
7281
5798
5896
5192
7715
5660
6163
4648
4749
4983
1134
5188
4749
3606
7199
105
8528
578
3866
5330
4856
2508
4043
8026
265
9606
3280
2603
3776
5367
1377
3093
5200
9362
8957
9386
5787
2560
690
774
122
7609
3112
9308
2297
6706
5707
5579
9170
3409
2452
1983
8596
4556
2483
52
5344
9039
5130
6982
7951
9228
1865
6548
7923
2364
7297
7714
777
580
8599
9053
760
9651
8296
7322
5017
2615
1699
4840
7586
0
6504
4132
7489
1788
6859
666
8273
49
4548
5689
2924
5466
8550
4880
5278
2793
9161
1140
5025
8522
1911
7267
9642
5032
9344
915
1695
6776
7883
9732
6980
6515
3241
9124
5905
2242
5479
3185
8353
130
688
4089
5162
8150
9644
5245
356
716
5642
3396
1127
3992
5861
4332
2005
4332
6390
4331
7489
5129
3301
8755
5931
5263